0 2 13
0 6 59
0 16 30
1 5 46
1 11 94
2 0 5
2 4 73
3 1 7
3 4 21
3 7 49
3 14 69
3 19 1
4 5 14
4 10 98
4 11 100
4 16 47
5 0 73
5 2 63
5 7 85
6 2 29
6 3 3
6 8 81
6 9 9
6 12 31
7 2 85
7 10 52
7 13 25
7 14 58
7 15 24
8 2 70
8 7 63
8 12 1
9 2 38
9 4 95
9 7 75
9 12 66
9 13 24
9 14 9
9 17 73
10 14 59
10 17 69
11 4 70
11 9 71
11 14 15
11 17 37
12 6 55
12 8 43
12 16 10
12 19 5
13 2 17
13 3 47
13 10 100
13 18 23
14 0 95
14 7 90
14 8 5
14 17 25
15 0 99
15 7 34
15 8 34
15 9 77
16 0 69
16 4 56
16 5 86
16 9 39
16 15 86
17 3 37
17 19 97
18 3 6
18 7 54
18 13 89
18 14 97
19 5 18
